5	0		224.96	1330.54
5	1		200.13	1238.45
5	2		278.68	2039.16
5	3		264.14	1914.56
5	4		293.61	2370.26
5	5		279.13	1746.4
5	6		313.95	2225.09
5	7		277.99	1744.47
5	8		297.46	2316.9
5	9		290.83	2294.89
5	10		273.68	2091.48
5	11		289.04	2022
5	12		356.6	2882.94
5	13		259.86	1695.9
5	14		255.79	1551.61
5	15		262.94	1741.66
5	16		259.49	1760.41
5	17		284.78	2218.83
5	18		350.25	2504.84
5	19		314.48	2294.41
5	20		247.52	1955.97
5	21		188.24	1210.23
5	22		336.55	2348.71
5	23		387	3123.48
5	24		321.78	2626.49
5	25		273.66	1731.61
5	26		344.52	2760.28
5	27		292.33	1792.35
5	28		225.95	1188.74
5	29		270.01	1812.61
5	30		303.49	2431.38
5	31		265.68	1560.49
5	32		319.16	2864.41
5	33		208.52	1269.17
5	34		333.44	2734.68
5	35		268.71	1656.31
5	36		160.6	927.544
5	37		212.17	1272.64
5	38		461.63	3706.54
5	39		361.09	3115.05
5	40		331.51	3027.85
5	41		223.08	1340.54
5	42		359.03	2627.11
5	43		224.03	1568.78
5	44		248.5	1516.15
5	45		245.9	1351.06
5	46		267.44	1940.82
5	47		241.03	1706.29
5	48		269.03	1845.38
5	49		402.29	3469.31
5	50		311.75	2076.55
5	51		317.05	2638
5	52		294.64	2247.25
5	53		333.91	2602.24
5	54		286.62	2417.54
5	55		292.53	2621.75
5	56		301.52	2204.92
5	57		218.31	1352.7
5	58		340.74	2555.13
5	59		300.56	2464.34
5	60		334.88	2330.91
5	61		272.74	2139.33
5	62		299.83	2368.25
5	63		260.96	1820.14
5	64		286.84	1799.33
5	65		231.24	1385.11
5	66		229.97	1404.96
5	67		218.86	1328.97
5	68		272.68	1605.66
5	69		318.34	2672.87
5	70		247.58	1677.14
5	71		337.86	3044.56
5	72		358.29	3132.25
5	73		369.28	2901.91
5	74		265.88	1736.11
5	75		218.5	1338.25
5	76		225.37	1405.76
5	77		253.52	1446.49
5	78		298.97	2318.41
5	79		348.56	2636.05
5	80		253.97	1837.83
5	81		239.94	1475.47
5	82		258.32	1419.08
5	83		323.95	2375.5
5	84		194.81	1132.26
5	85		309.49	2133.52
5	86		259.86	2091.44
5	87		235.26	1436.22
5	88		358.08	2933.6
5	89		393.83	3113.32
5	90		298.23	2081.3
5	91		184.33	1058.18
5	92		246.13	1549.27
5	93		268.13	1918.57
5	94		380.21	3028.17
5	95		269.61	2321.34
5	96		308.56	2260.09
5	97		311.71	2313.62
5	98		288.36	1844.07
5	99		337.8	2581.93
10	0		432.39	2985.4
10	1		421.56	2589.18
10	2		451.87	3014.02
10	3		516.03	3161.99
10	4		498.18	3386.73
10	5		466.11	3419.96
10	6		408.71	2707.29
10	7		537.95	3871.13
10	8		462.16	3129.93
10	9		417.33	2706.81
10	10		500.39	3400.56
10	11		498.49	3609.44
10	12		379.62	2332.19
10	13		481.96	3157.34
10	14		489.83	3521.94
10	15		464.4	2943.56
10	16		395.76	2904.79
10	17		372.72	2363.62
10	18		432.36	2810.41
10	19		429.91	2731.51
10	20		383.14	2189.81
10	21		462.03	2955.26
10	22		448.38	2956.68
10	23		613.08	4486.11
10	24		478.32	3293.81
10	25		500.2	3403.6
10	26		495.71	3307.35
10	27		492.93	3460.12
10	28		563.75	3761.53
10	29		535.65	4037.97
10	30		390.31	2675.42
10	31		470.06	2994.4
10	32		503.48	3949.34
10	33		449	3266.19
10	34		448.63	2930.07
10	35		428.58	2794.89
10	36		518.75	3839.29
10	37		537.54	3542.47
10	38		507.56	3507.56
10	39		525.08	4416.74
10	40		343.91	2229.29
10	41		531.32	3636.24
10	42		367.36	2289.4
10	43		444.04	3070.14
10	44		467.29	3311.87
10	45		499.92	3638.1
10	46		309.35	1822.44
10	47		488.44	3347.07
10	48		445.04	3164.81
10	49		385.59	2296.85
10	50		404.91	2686.59
10	51		416.84	2814.19
10	52		408.76	2531.79
10	53		520.66	3431.68
10	54		434.88	2733.17
10	55		426.15	2777.39
10	56		432.45	2855.92
10	57		455.44	2769.43
10	58		538.35	4070.87
10	59		475.58	2970.52
10	60		406.92	2393
10	61		404.79	2644.25
10	62		425.04	2862.28
10	63		533.82	3589.74
10	64		464.48	3008.93
10	65		532.43	3893.33
10	66		451.49	3003.14
10	67		539.49	3733.49
10	68		407.25	2651.51
10	69		543.31	4185.33
10	70		551.73	3728.34
10	71		547.21	4026.64
10	72		366.37	2285.51
10	73		478.07	3213.53
10	74		549.99	3663.01
10	75		404.07	2837.92
10	76		517.43	3738.38
10	77		501.1	3344.03
10	78		386.96	2385.57
10	79		560.06	3964.1
10	80		514.69	3465.63
10	81		518.84	3687.98
10	82		541.47	3901.18
10	83		499.66	3550.81
10	84		555.07	4365.35
10	85		475.98	3162.72
10	86		426.61	2783.62
10	87		470.66	3435.99
10	88		415.24	2534.62
10	89		436.63	3133.45
10	90		579.24	4175.18
10	91		475.64	2889.59
10	92		405.14	2409.28
10	93		488.92	3394.42
10	94		506.94	3604.38
10	95		450.03	3017.84
10	96		480.41	3232.23
10	97		491.63	3077.26
10	98		409.72	2656.23
10	99		521.1	3858.38
15	0		638.39	4270.88
15	1		662.5	4309.08
15	2		683.19	4546.89
15	3		517.96	3163.94
15	4		754.91	5480.52
15	5		692.38	4757.79
15	6		701.85	4596.65
15	7		646.24	4228.99
15	8		638.18	4171.56
15	9		732.75	4698.81
15	10		624.21	3897.91
15	11		615.71	4047.51
15	12		630.1	4248.9
15	13		595.58	3774.88
15	14		567.49	3548.53
15	15		726.41	5010.33
15	16		710.85	4878.86
15	17		686.75	4785.32
15	18		679.96	4794.23
15	19		680.16	4541.09
15	20		655.13	4483.84
15	21		633.74	4396.76
15	22		652.79	4260.52
15	23		693.43	4601.4
15	24		677.4	4698.31
15	25		661.97	4450.07
15	26		660.44	4391.75
15	27		654.34	4464.92
15	28		620.68	3996.79
15	29		642.89	4285.16
15	30		606.94	3930.27
15	31		587.41	3507.85
15	32		585.03	3795.83
15	33		669.98	4457.05
15	34		586.36	3763.95
15	35		667.04	4725.71
15	36		664.61	4292.55
15	37		661.59	4343.78
15	38		610.24	3874.6
15	39		759.52	5341.4
15	40		555.71	3455.08
15	41		588.13	3975.81
15	42		673.06	4666.86
15	43		662.84	4317.17
15	44		572.48	3602.23
15	45		642.49	4195.91
15	46		630.96	4328.28
15	47		710.31	4747.33
15	48		718.43	4627.23
15	49		668.16	4608.44
15	50		682.27	4974.63
15	51		646.94	4047.73
15	52		722.58	5090.97
15	53		726.66	4836.59
15	54		543.08	3465.51
15	55		651.23	4668.94
15	56		575.66	3926.5
15	57		620.77	3865.93
15	58		683.83	4656.78
15	59		674.21	4593.52
15	60		699.08	4840.74
15	61		707.59	4889.77
15	62		573.87	3715.96
15	63		604.2	3773.6
15	64		628.28	4193.24
15	65		636.14	3970.44
15	66		679.66	4527.39
15	67		620.57	4022.68
15	68		655.26	4328.77
15	69		522.35	3102.55
15	70		734.71	4859.06
15	71		703.45	4870.02
15	72		609.55	4256.81
15	73		595.22	4069.91
15	74		680.7	4813.08
15	75		626.88	4162.44
15	76		653	4170.93
15	77		590.63	3887.79
15	78		656.76	4583.84
15	79		680.37	4687.96
15	80		607.08	3745.45
15	81		719.43	5036.25
15	82		688.12	4828.81
15	83		685.07	4804.65
15	84		578.1	3598.18
15	85		711.88	4841.54
15	86		666.02	4444.23
15	87		620.31	4000.18
15	88		564.65	3717.6
15	89		550.09	3477.56
15	90		598.19	4010.21
15	91		557.99	3554.39
15	92		599.04	3891.67
15	93		601.24	3903.9
15	94		638.49	4268.39
15	95		612.28	4137.34
15	96		506.33	3099.62
15	97		661.99	4566.91
15	98		676.46	4395.35
15	99		769.57	5397.25
20	0		801	5466.58
20	1		785.88	5081.98
20	2		833	5749.58
20	3		764.39	5227.63
20	4		900.08	6720.02
20	5		857.16	5911.77
20	6		819.15	5334.45
20	7		885.65	5953.34
20	8		861.64	5748.43
20	9		745.24	4701.72
20	10		962.96	6669.22
20	11		768.39	5213.13
20	12		831.27	5627.85
20	13		867.05	5784.06
20	14		926.96	6762.15
20	15		935.61	6535.8
20	16		853.92	5781.37
20	17		906.82	6346.61
20	18		939.51	6395.7
20	19		796.69	5342.97
20	20		829	5465.6
20	21		885.94	6167.53
20	22		823.59	5471.02
20	23		748.11	5114.24
20	24		823.14	5486.75
20	25		814.6	5289.33
20	26		794.11	5298.93
20	27		966.2	7015.66
20	28		847.4	5861.63
20	29		838.91	5633.75
20	30		845.81	5815.53
20	31		814.96	5417.68
20	32		921.34	6140.85
20	33		894.58	6180.2
20	34		836.57	5490.59
20	35		762.84	4827.55
20	36		822.97	5362.08
20	37		931.29	6346.31
20	38		868.47	6176.51
20	39		753.05	4777.51
20	40		807.37	5464.56
20	41		862.69	5895.42
20	42		769.49	5153.75
20	43		763.86	5007.54
20	44		696.93	4552.73
20	45		721.93	4637.33
20	46		775.55	5249
20	47		863.75	6116.48
20	48		740.73	4906.95
20	49		852.33	5670.03
20	50		782.84	5168.22
20	51		813.63	5374.85
20	52		850.77	5367.17
20	53		817.01	5366.65
20	54		907.17	6163.86
20	55		833.27	5750.37
20	56		900.65	6405.95
20	57		833.55	5684.6
20	58		840.38	5265.12
20	59		840.08	5342.91
20	60		1010.69	7183.48
20	61		806.63	5438.61
20	62		826.61	5941.24
20	63		739.81	4759.56
20	64		866.3	5876.3
20	65		859.63	5744.71
20	66		808.24	5536.02
20	67		949.96	6928.6
20	68		675.25	4161.06
20	69		789.73	5135.06
20	70		777.25	5000.24
20	71		895.89	6185.97
20	72		889.86	6286.98
20	73		915.88	6364.38
20	74		889.26	6113.94
20	75		781.57	5128.35
20	76		868.71	5740.23
20	77		687	4614.06
20	78		794.68	5539.53
20	79		738.85	4604.48
20	80		1036.85	7943.13
20	81		727.97	4692.15
20	82		856.94	5603.34
20	83		881.76	6130.89
20	84		819.54	5660.54
20	85		854.08	5549.62
20	86		813.25	5236.4
20	87		859.34	5934.86
20	88		848.17	5626.41
20	89		835.12	5805.99
20	90		751.61	4621.12
20	91		817.42	4976.52
20	92		824.59	5361.63
20	93		930.34	6236.84
20	94		831.29	5466.31
20	95		745.64	4872.99
20	96		831.01	5619.93
20	97		802.83	5334.1
20	98		902.18	6244.75
20	99		829.44	5553.15
