5	0	422.51
5	1	273.31
5	2	456.75
5	3	1440.78
5	4	267.83
5	5	424.28
5	6	2621.83
5	7	586.34
5	8	419.04
5	9	586.39
5	10	328.89
5	11	1270.54
5	12	395.65
5	13	314.2
5	14	1326.27
5	15	420.9
5	16	341.39
5	17	389.42
5	18	562.9
5	19	653.21
5	20	283.6
5	21	291.77
5	22	4002.96
5	23	382.66
5	24	458.62
5	25	719.51
5	26	1506.09
5	27	490.46
5	28	5971.88
5	29	592.19
5	30	563.05
5	31	323.58
5	32	366.54
5	33	280.68
5	34	728.7
5	35	579.41
5	36	206.74
5	37	377.57
5	38	487.92
5	39	2445.29
5	40	1411.02
5	41	439.96
5	42	683.57
5	43	300.38
5	44	2997.06
5	45	847.61
5	46	316.34
5	47	432.68
5	48	1164.52
5	49	986
5	50	702.19
5	51	19469.4
5	52	522.55
5	53	467.99
5	54	282.67
5	55	303.93
5	56	2108.02
5	57	365.49
5	58	1057.14
5	59	649.32
5	60	826.9
5	61	335.55
5	62	284.26
5	63	358.81
5	64	480.7
5	65	1911.95
5	66	333.7
5	67	521.14
5	68	2110.01
5	69	491.99
5	70	351.29
5	71	284.09
5	72	1156
5	73	698.72
5	74	903.97
5	75	373.39
5	76	1229.77
5	77	795.91
5	78	606.84
5	79	521.57
5	80	1395.52
5	81	1041.3
5	82	396.84
5	83	409.11
5	84	500.82
5	85	1478.34
5	86	455.85
5	87	289.84
5	88	490.83
5	89	924.82
5	90	704.21
5	91	230.34
5	92	473.83
5	93	351.17
5	94	719.09
5	95	385.63
5	96	483.85
5	97	1402.73
5	98	1056.09
5	99	558.42
10	0	2751.63
10	1	803.21
10	2	1394.19
10	3	14116.8
10	4	53608.9
10	5	1415.11
10	6	1869.96
10	7	9918.48
10	8	1305.59
10	9	631.41
10	10	1229.98
10	11	9353.8
10	12	1337.01
10	13	724.14
10	14	1229.3
10	15	1431.7
10	16	2692.19
10	17	706.04
10	18	1770.44
10	19	2628.38
10	20	619.64
10	21	809.05
10	22	614.4
10	23	2991.31
10	24	8439.33
10	25	1695.55
10	26	2506.74
10	27	653.12
10	28	4065.26
10	29	584.69
10	30	858.92
10	31	977.35
10	32	1013.21
10	33	1280.03
10	34	678.08
10	35	1506.38
10	36	3894.04
10	37	11717.4
10	38	2076.77
10	39	735.79
10	40	3104.29
10	41	1192.52
10	42	798.96
10	43	638.01
10	44	617.03
10	45	649.79
10	46	1676.07
10	47	1757.12
10	48	19115.1
10	49	560.39
10	50	1957.77
10	51	1130.05
10	52	2051.77
10	53	820.79
10	54	1527.41
10	55	2572.95
10	56	745.16
10	57	1727.64
10	58	874.43
10	59	730.72
10	60	712.89
10	61	841.97
10	62	640.9
10	63	1228.98
10	64	2451.65
10	65	909.01
10	66	564.74
10	67	8821.43
10	68	610.75
10	69	3796.05
10	70	1165.6
10	71	1572.48
10	72	8179.18
10	73	644.57
10	74	1276.52
10	75	600.97
10	76	1135.43
10	77	7703.42
10	78	748.11
10	79	852.98
10	80	2150.28
10	81	1027.65
10	82	925.59
10	83	2031.11
10	84	1311.19
10	85	1823.31
10	86	3014.24
10	87	793.8
10	88	584.77
10	89	754.63
10	90	2113.95
10	91	1670.11
10	92	732.79
10	93	1265.92
10	94	889.59
10	95	1866.61
10	96	721.68
10	97	1026.44
10	98	541.92
10	99	2398.44
15	0	4738.07
15	1	3517.5
15	2	1420.62
15	3	1377.03
15	4	12245.7
15	5	3616.6
15	6	8676.84
15	7	9708.25
15	8	3262.67
15	9	2484.32
15	10	2254.33
15	11	6908.87
15	12	2303.42
15	13	1041.44
15	14	14568.8
15	15	2940.22
15	16	1417.95
15	17	2668.34
15	18	1476.03
15	19	3158.79
15	20	1292.29
15	21	4557.54
15	22	5416.23
15	23	1520.12
15	24	4601.52
15	25	19266.3
15	26	13132.5
15	27	1712.52
15	28	5844.49
15	29	1185.94
15	30	4942.05
15	31	1141.41
15	32	4108.06
15	33	965.84
15	34	5553.28
15	35	1770.02
15	36	5180.45
15	37	2143.48
15	38	3879.03
15	39	5634.76
15	40	1484.03
15	41	2235.61
15	42	1527.29
15	43	5801.03
15	44	1640.8
15	45	995.04
15	46	1098.08
15	47	893.32
15	48	11497.5
15	49	1181.25
15	50	6668.38
15	51	929.13
15	52	3236.86
15	53	2490.74
15	54	822.77
15	55	1236.99
15	56	1010.78
15	57	4192.1
15	58	903.36
15	59	3866.32
15	60	1579.88
15	61	13462.3
15	62	1107.4
15	63	1077.2
15	64	1279.22
15	65	1797.94
15	66	2244.35
15	67	930.29
15	68	6022.96
15	69	1547.89
15	70	2878.44
15	71	1639.35
15	72	4149.32
15	73	1080.27
15	74	1436.58
15	75	8388.64
15	76	865.18
15	77	1580.7
15	78	26272.1
15	79	1650.49
15	80	1087.26
15	81	1535.25
15	82	3305.38
15	83	1181.28
15	84	931.94
15	85	1476.44
15	86	1608.53
15	87	1453.19
15	88	3069.04
15	89	1298.25
15	90	3074.28
15	91	1889.12
15	92	1572.75
15	93	1062.52
15	94	4745.06
15      95      771.28
15      96      958.85
15      97      1305.63
15      98      4841.97
15      99      2886.85
20	0	1509.48
20	1	15544.3
20	2	3130.29
20	3	1653.3
20	4	2048.82
20	5	1370.9
20	6	3766.68
20	7	3136.12
20	8	1599.09
20	9	2813.28
20	10	11337.7
20	11	1187.75
20	12	1288.04
20	13	3147.33
20	14	16376.1
20	15	2262.8
20	16	3849.5
20	17	42690.2
20	18	11580
20	19	1030.19
20	20	1243.5
20	21	1858.35
20	22	3907.28
20	23	3737.92
20	24	3760.5
20	25	1880.67
20	26	1260.44
20	27	4092.37
20	28	1776.59
20	29	3455.71
20	30	1200.78
20	31	3498.07
20	32	2204.23
20	33	2972.4
20	34	2544.31
20	35	7918.72
20	36	15329
20	37	5674.32
20      38      2049.32
20	39	1238.39
20	40	1215.26
20	41	12298.5
20	42	1325.85
20	43	1334.48
20	44	4376.43
20	45	1366.42
20	46	1844.16
20	47	6630.3
20	48	1329.02
20	49	4871.23
20	50	2527.61
20	51	81175.2
20	52	1624.83
20	53	3211.18
20	54	2934.56
20	55	11095.4
20	56	7706.12
20	57	2494.83
20	58	3186.83
20	59	1895.92
20	60	11643
20	61	1349.73
20	62	1187.31
20	63	1363.09
20	64	2923.64
20	65	1428.95
20	66	1141.23
20	67	6702.49
20	68	1566.53
20	69	3367.77
20	70	2506.59
20	71	1513.79
20	72	2723.93
20	73	4479.82
20	74	1817.74
20	75	3458.67
20	76	2602.18
20	77	905.57
20	78	1080.64
20	79	3969.91
20	80	3750.33
20	81	1334.09
20	82	1533.69
20	83	2036.59
20	84	2112.18
20	85	30224.1
20	86	2054.59
20	87	18590.2
20	88	2246.32
20	89	2665.19
20	90	1121.25
20	91	1653.58
20	92	1743.04
20	93	4808.56
20	94	3995.51
20	95	2237.25
20	96	5474.35
20	97	8886.48
20	98	26550.6
20	99	5216.08
