5	0	1	174.92	979.007
5	1	1	143.36	872.366
5	2	1	137.4	835.222
5	3	1	156.32	646.653
5	4	1	169.76	784.056
5	5	1	133.54	752.158
5	6	1	207.26	1189.06
5	7	1	218.32	1309.67
5	8	1	167.63	897.389
5	9	1	152.13	961.383
5	10	1	124.3	564.66
5	11	1	175.63	1006.68
5	12	1	190.15	1230.49
5	13	1	170.3	1031.95
5	14	1	214.07	1367.78
5	15	1	217.61	742.159
5	16	1	184.21	871.998
5	17	1	158.78	890.725
5	18	1	133.98	642.246
5	19	1	213.7	1125.32
5	20	1	181.11	891.729
5	21	1	158.88	705.271
5	22	1	187.55	1121.56
5	23	1	204.37	1180.63
5	24	1	202.12	1264.71
5	25	1	221.2	1327.8
5	26	1	186.79	1207.22
5	27	1	144.2	854.981
5	28	1	133.19	731.281
5	29	1	137.3	673.098
10	0	1	370.35	2357.14
10	1	1	277.96	1400.93
10	2	1	261.99	1627.63
10	3	1	280.37	1412.49
10	4	1	257.01	1497.67
10	5	1	324.86	1623.85
10	6	1	344.73	1802.35
10	7	1	237.09	1433.99
10	8	1	374.66	2602.96
10	9	1	251.57	1223.95
10	10	1	457.46	3314.9
10	11	1	418.78	2957.61
10	12	1	223.93	1277.1
10	13	1	432.47	3074.66
10	14	1	476.48	2089.53
10	15	1	226.31	1379.85
10	16	1	379.11	2593.3
10	17	1	361.43	2292.88
10	18	1	452.68	1973.77
10	19	1	412.39	2696.75
10	20	1	245.58	1345.86
10	21	1	243.49	1214.88
10	22	1	339.79	1932.59
10	23	1	427.75	3031.56
10	24	1	293	1902.48
10	25	1	430.51	3061.91
10	26	1	273.07	1661.44
10	27	1	238.27	1355.67
10	28	1	253.53	1573.27
10	29	1	293.61	1443.49
15	0	1	476.64	2809.93
15	1	1	438.68	2892.97
15	2	1	600.93	2353.48
15	3	1	472.41	3318.81
15	4	1	335.05	2100.54
15	5	1	410.03	2315.25
15	6	1	467.08	2704.24
15	7	1	394.47	2596.8
15	8	1	466.31	3250.53
15	9	1	308.05	1831.13
15	10	1	348.82	1757.23
15	11	1	631.31	4569.94
15	12	1	307.62	1661.06
15	13	1	398.16	2122.3
15	14	1	463.91	1850.84
15	15	1	337.66	2095.16
15	16	1	485.63	3125.38
15	17	1	458.36	3141.37
15	18	1	608.28	4502.17
15	19	1	409.13	2110.68
15	20	1	431.43	2181.19
15	21	1	341.01	1655.25
15	22	1	615.77	4580.18
15	23	1	632.95	4734.13
15	24	1	308.75	1593.92
15	25	1	608.33	4484.44
15	26	1	606.38	2500.26
15	27	1	556.85	3829.44
15	28	1	494.97	3429.77
15	29	1	518.03	2092.99
20	0	1	400.84	1790.88
20	1	1	577.08	2609.7
20	2	1	697.66	5008.12
20	3	1	392.59	1760.18
20	4	1	435.47	2339.42
20	5	1	613.04	2459.33
20	6	1	532.73	2709.74
20	7	1	587.99	4139.77
20	8	1	444.29	2421.39
20	9	1	446.97	2510.59
20	10	1	680.34	4718.19
20	11	1	711.15	5123.63
20	12	1	418.21	2406.55
20	13	1	427.26	2730.36
20	14	1	703.99	5198.56
20	15	1	587.11	3992.79
20	16	1	676.25	2898.82
20	17	1	679.15	4956.17
20	18	1	684.24	4924.78
20	19	1	638.25	3987.48
20	20	1	694.01	4639.31
20	21	1	383.91	1858.6
20	22	1	438.83	2715.45
20	23	1	446.96	2545.21
20	24	1	511.53	2725.85
20	25	1	360.82	1842.56
20	26	1	438.01	2150.73
20	27	1	371.2	1988.53
20	28	1	558.71	3063.47
20	29	1	528.09	3600.99
5	0	2	191.77	1213.9
5	1	2	142.24	765.266
5	2	2	121.88	627.578
5	3	2	147.01	782.602
5	4	2	225.19	1510.19
5	5	2	124.9	591.916
5	6	2	170.88	970.918
5	7	2	184.65	1010.02
5	8	2	144.85	874.657
5	9	2	160.27	924.232
5	10	2	159.2	736.516
5	11	2	191.55	1244.78
5	12	2	155.26	973.278
5	13	2	141.72	700.18
5	14	2	174.47	883.131
5	15	2	144.51	927.697
5	16	2	200.99	1310.81
5	17	2	187.49	1044.05
5	18	2	188.85	1227.59
5	19	2	154.08	762.231
5	20	2	143.6	826.37
5	21	2	124.96	702.35
5	22	2	157.96	965.575
5	23	2	159.74	984.143
5	24	2	178.26	896.375
5	25	2	161.59	1010.39
5	26	2	210.46	1426.75
5	27	2	195.9	1228.87
5	28	2	132.42	611.427
5	29	2	135.77	800.628
10	0	2	299.37	2001.95
10	1	2	253.97	1565.66
10	2	2	272.14	1725.88
10	3	2	233.62	1335.5
10	4	2	309.74	1483.81
10	5	2	291.3	1722.28
10	6	2	248.93	1546.94
10	7	2	295	1962.08
10	8	2	188.16	885.729
10	9	2	422.9	2997.6
10	10	2	272.69	1115.86
10	11	2	237.34	1488.9
10	12	2	287.1	1328.85
10	13	2	297.71	1628.26
10	14	2	320.67	1970.8
10	15	2	364.36	2521.54
10	16	2	331.74	1803.7
10	17	2	309.53	1783.47
10	18	2	229.11	1383.41
10	19	2	357.08	2143.36
10	20	2	253.69	1207.19
10	21	2	292.86	1721.08
10	22	2	243.7	1038.36
10	23	2	284.22	1699.52
10	24	2	273.53	1610.22
10	25	2	322.75	2209.76
10	26	2	308.95	1841.93
10	27	2	214.18	1230.03
10	28	2	256.14	1482.32
10	29	2	318.21	2080.87
15	0	2	562.23	4037.11
15	1	2	425.2	2795.57
15	2	2	507.55	3472.96
15	3	2	551.69	3872.03
15	4	2	361.44	1769.7
15	5	2	460.9	2633.97
15	6	2	421.96	2333.93
15	7	2	510.54	3596.69
15	8	2	377.99	2331.48
15	9	2	317.39	1522.21
15	10	2	453.16	3177.84
15	11	2	367.81	1896.64
15	12	2	373.14	1879.63
15	13	2	272.3	1271.32
15	14	2	338.14	2169.59
15	15	2	362.27	1956.52
15	16	2	582.54	4222.39
15	17	2	362.23	1838.51
15	18	2	589.59	4281.29
15	19	2	471.04	3216.87
15	20	2	482.6	3175.37
15	21	2	371.93	2006.05
15	22	2	315.45	1590.37
15	23	2	380.18	2494.19
15	24	2	360.21	1946.09
15	25	2	363.11	2346.02
15	26	2	464.62	3180.67
15	27	2	531.24	3761.33
15	28	2	389.05	2104.21
15	29	2	558.34	3719.32
20	0	2	497.81	2733.19
20	1	2	476.4	2698.8
20	2	2	509.1	3229.18
20	3	2	667.44	4707.82
20	4	2	614.44	3345.6
20	5	2	492.64	2685.19
20	6	2	401.47	2009.59
20	7	2	598.35	3973.94
20	8	2	602.57	4196.11
20	9	2	496.51	3237.88
20	10	2	639.59	4453.89
20	11	2	595.09	4112.68
20	12	2	626.8	4243.99
20	13	2	533.59	2949.37
20	14	2	591.22	4064.11
20	15	2	522.24	2675.61
20	16	2	504.73	2530.42
20	17	2	352.19	1723.43
20	18	2	781.18	5743.9
20	19	2	578.45	3461.04
20	20	2	672.27	4708.28
20	21	2	519.01	3097.59
20	22	2	500.3	3184.29
20	23	2	539.67	3640.96
20	24	2	534.31	2974.9
20	25	2	661.71	4667.53
20	26	2	512.61	2924.89
20	27	2	394.55	2036.48
20	28	2	459.65	2627.91
20	29	2	478.67	3159.5
5	0	3	124.39	599.596
5	1	3	177.68	1254.04
5	2	3	157.74	718.593
5	3	3	141.68	649.421
5	4	3	155.9	635.13
5	5	3	154.97	705.186
5	6	3	152.8	1038.91
5	7	3	178.99	933.746
5	8	3	173.88	962.134
5	9	3	115.91	532.681
5	10	3	142.02	781.939
5	11	3	181.34	1115.91
5	12	3	150.99	779.858
5	13	3	182.99	1042.51
5	14	3	164.8	1052.98
5	15	3	190.78	1106.74
5	16	3	163.56	1006.26
5	17	3	206.07	1496.31
5	18	3	180.33	1005.38
5	19	3	174.45	897.63
5	20	3	168.73	1180.52
5	21	3	158.81	817.157
5	22	3	200.72	1285.02
5	23	3	153.94	745.456
5	24	3	194.33	1187.89
5	25	3	192.88	1043.89
5	26	3	157.57	709.047
5	27	3	160.78	780.732
5	28	3	178.66	954.628
5	29	3	209.46	1260.21
10	0	3	258.39	1552.28
10	1	3	250.9	1425.54
10	2	3	317.78	1254.6
10	3	3	289.99	1709.79
10	4	3	288.36	1692.44
10	5	3	241.68	1334.62
10	6	3	330.49	2237.52
10	7	3	225.89	1340.22
10	8	3	274.5	1534.45
10	9	3	279.84	1657.53
10	10	3	276.69	1728.73
10	11	3	235.7	1198.11
10	12	3	302.42	1951.28
10	13	3	354.95	2416.09
10	14	3	365.53	2394.12
10	15	3	271.19	1716.57
10	16	3	262.45	1563.3
10	17	3	253.3	1301.92
10	18	3	239.19	1435.81
10	19	3	251.13	1391.26
10	20	3	315.07	1909.64
10	21	3	355.94	2361.65
10	22	3	269.39	1489.92
10	23	3	266.83	1449.05
10	24	3	270.6	1563.04
10	25	3	335.56	2064.36
10	26	3	348.33	2203.87
10	27	3	284.8	1817.08
10	28	3	343.02	2235.58
10	29	3	267.14	1649.98
15	0	3	342.35	2002.91
15	1	3	477.4	2929.35
15	2	3	416.77	2620.49
15	3	3	523.4	3564.78
15	4	3	377.02	2318.93
15	5	3	387.34	2562.51
15	6	3	397.7	2610.7
15	7	3	400.11	2204.33
15	8	3	372.51	1910.07
15	9	3	437.7	2871.12
15	10	3	403.93	2477.84
15	11	3	474.23	3202.29
15	12	3	491.97	3388.94
15	13	3	452.93	2672.03
15	14	3	474.36	3037.12
15	15	3	382.4	2416.61
15	16	3	420.37	2709.57
15	17	3	492.43	3419.99
15	18	3	349.07	2110.38
15	19	3	270.49	1310.51
15	20	3	533.14	3586.59
15	21	3	432.19	2667.73
15	22	3	311.99	1687.05
15	23	3	511.81	3459.07
15	24	3	423.66	2524.88
15	25	3	296.71	1671.43
15	26	3	323.42	1704.83
15	27	3	457.42	3154.46
15	28	3	435.85	2859.24
15	29	3	476.14	3203.51
20	0	3	481.22	2739.99
20	1	3	517.8	3098.81
20	2	3	443.51	2386.88
20	3	3	585.73	3958.62
20	4	3	588.76	3911.41
20	5	3	526.96	3156.31
20	6	3	529.06	3570.41
20	7	3	518.13	2923.46
20	8	3	688.94	4822.72
20	9	3	649.58	4426.84
20	10	3	524.17	3525.35
20	11	3	656.34	4655.94
20	12	3	398.31	2090.45
20	13	3	515.97	3068.19
20	14	3	695.23	4849.75
20	15	3	548.63	3062.46
20	16	3	452.29	2311.1
20	17	3	426.3	2178.53
20	18	3	548.8	3312.93
20	19	3	475	2942.19
20	20	3	582.19	3753.27
20	21	3	468.23	2787.95
20	22	3	440.69	2697.92
20	23	3	428.68	2694.94
20	24	3	458.98	2920.46
20	25	3	661.82	4443.46
20	26	3	529.83	3407.67
20	27	3	443.81	2494.85
20	28	3	443.06	2487.36
20	29	3	392.98	2186.02
